 <pre>

 Contingency table for Low clouds (octas)
 Selection: Ireland     27 stations
Period: 20200203-20200217
Used {12} + 01 02 ... 24
 Limits    1.00000000       2.00000000       3.00000000       4.00000000       5.00000000       6.00000000       7.00000000    
 Each class is data <= limit, the very last > last limit
 Total number of values        8706
                                              OBSERVATION
                                   1088      332      373      313      283      286      546      261 |      3482
                                     55       35       52       37       39       42       91       19 |       370
                                     37       30       23       30       24       31       55       14 |       244
                           DEF       44       33       19       25       26       28       48       18 |       241
                                     35       18       40       22       29       22       61       24 |       251
                                     37       31       34       33       25       33       76       24 |       293
                                     56       46       42       50       48       31      125       25 |       423
                                    231      218      246      245      304      347     1165      646 |      3402

                    SUM            1583      743      829      755      778      820     2167     1031 |      8706
                                              OBSERVATION
                                   1087      331      373      309      286      289      546      269 |      3490
                                     58       45       50       39       39       42       91       14 |       378
                                     39       22       30       37       22       29       51       16 |       246
                      CDCN_mod       37       30       22       24       37       26       59       18 |       253
                                     38       30       35       18       25       27       65       23 |       261
                                     40       23       40       37       28       30       78       24 |       300
                                     50       42       37       47       42       31      111       33 |       393
                                    234      220      242      244      299      346     1166      634 |      3385

                    SUM            1583      743      829      755      778      820     2167     1031 |      8706

