 <pre>

 Contingency table for Low clouds (octas)
 Selection: ALL    143 stations
Period: 20200203-20200217
Used {00,12} + 01 02 ... 24
 Limits    1.00000000       2.00000000       3.00000000       4.00000000       5.00000000       6.00000000       7.00000000    
 Each class is data <= limit, the very last > last limit
 Total number of values       83237
                                              OBSERVATION
                                  12957     3995     3620     2897     2513     2313     3542     1832 |     33669
                                    600      357      432      336      344      312      511      158 |      3050
                                    412      296      292      261      250      243      377      137 |      2268
                           DEF      399      272      222      247      209      239      345      122 |      2055
                                    354      261      251      228      215      251      342      120 |      2022
                                    367      234      259      258      261      242      400      159 |      2180
                                    529      396      417      359      360      365      610      236 |      3272
                                   2332     2991     3215     3377     3676     4586     9083     5461 |     34721

                    SUM           17950     8802     8708     7963     7828     8551    15210     8225 |     83237
                                              OBSERVATION
                                  13023     4037     3650     2915     2540     2324     3557     1862 |     33908
                                    588      367      427      351      340      334      510      160 |      3077
                                    431      280      290      282      251      247      365      130 |      2276
                      CDCN_mod      381      259      245      222      230      232      368      116 |      2053
                                    339      252      244      241      207      219      355      123 |      1980
                                    355      243      283      258      246      240      415      160 |      2200
                                    487      378      383      370      338      382      590      235 |      3163
                                   2346     2986     3186     3324     3676     4573     9050     5439 |     34580

                    SUM           17950     8802     8708     7963     7828     8551    15210     8225 |     83237

