 <pre>

 Contingency table for Low clouds (octas)
 Selection: ALL    143 stations
Period: 20200203-20200217
Used {12} + 01 02 ... 24
 Limits    1.00000000       2.00000000       3.00000000       4.00000000       5.00000000       6.00000000       7.00000000    
 Each class is data <= limit, the very last > last limit
 Total number of values       41576
                                              OBSERVATION
                                   6446     1945     1815     1460     1270     1150     1790      924 |     16800
                                    296      194      209      164      167      161      246       79 |      1516
                                    213      152      146      120      112      123      177       56 |      1099
                           DEF      206      145      109      116      110      121      164       71 |      1042
                                    184      134      129      114       99      123      160       67 |      1010
                                    176      112      124      135      116      127      217       79 |      1086
                                    261      209      207      196      181      177      289      104 |      1624
                                   1199     1509     1603     1673     1863     2288     4542     2722 |     17399

                    SUM            8981     4400     4342     3978     3918     4270     7585     4102 |     41576
                                              OBSERVATION
                                   6480     1958     1812     1451     1278     1151     1776      932 |     16838
                                    310      207      225      178      165      168      262       74 |      1589
                                    207      144      149      142      120      138      172       64 |      1136
                      CDCN_mod      192      138      130      107      130      115      177       65 |      1054
                                    185      124      112      116       92      112      176       62 |       979
                                    183      113      137      137      125      122      208       84 |      1109
                                    242      199      195      204      162      183      284      113 |      1582
                                   1182     1517     1582     1643     1846     2281     4530     2708 |     17289

                    SUM            8981     4400     4342     3978     3918     4270     7585     4102 |     41576

