 <pre>

 Contingency table for Low clouds (octas)
 Selection: Ireland     27 stations
Period: 20200203-20200217
Used {00} + 01 02 ... 24
 Limits    1.00000000       2.00000000       3.00000000       4.00000000       5.00000000       6.00000000       7.00000000    
 Each class is data <= limit, the very last > last limit
 Total number of values        8685
                                              OBSERVATION
                                   1097      367      358      302      275      262      535      217 |      3413
                                     57       29       45       42       40       39       75       17 |       344
                                     40       29       29       29       30       31       69       23 |       280
                           DEF       39       29       30       27       23       29       59       19 |       255
                                     27       24       31       25       26       31       66       15 |       245
                                     37       19       31       23       36       32       67       21 |       266
                                     64       39       49       37       41       45      120       38 |       433
                                    258      225      262      266      284      344     1143      667 |      3449

                    SUM            1619      761      835      751      755      813     2134     1017 |      8685
                                              OBSERVATION
                                   1103      369      361      308      274      267      536      223 |      3441
                                     43       25       45       39       36       42       81       19 |       330
                                     52       27       28       21       35       28       67       18 |       276
                      CDCN_mod       37       30       30       27       19       29       55       21 |       248
                                     23       28       29       27       35       27       70       14 |       253
                                     43       17       38       26       24       27       69       22 |       266
                                     66       43       42       39       45       52      113       37 |       437
                                    252      222      262      264      287      341     1143      663 |      3434

                    SUM            1619      761      835      751      755      813     2134     1017 |      8685

