 <pre>

 Contingency table for Low clouds (octas)
 Selection: ALL    143 stations
Period: 20200203-20200217
Used {00} + 01 02 ... 24
 Limits    1.00000000       2.00000000       3.00000000       4.00000000       5.00000000       6.00000000       7.00000000    
 Each class is data <= limit, the very last > last limit
 Total number of values       41661
                                              OBSERVATION
                                   6511     2050     1805     1437     1243     1163     1752      908 |     16869
                                    304      163      223      172      177      151      265       79 |      1534
                                    199      144      146      141      138      120      200       81 |      1169
                           DEF      193      127      113      131       99      118      181       51 |      1013
                                    170      127      122      114      116      128      182       53 |      1012
                                    191      122      135      123      145      115      183       80 |      1094
                                    268      187      210      163      179      188      321      132 |      1648
                                   1133     1482     1612     1704     1813     2298     4541     2739 |     17322

                    SUM            8969     4402     4366     3985     3910     4281     7625     4123 |     41661
                                              OBSERVATION
                                   6543     2079     1838     1464     1262     1173     1781      930 |     17070
                                    278      160      202      173      175      166      248       86 |      1488
                                    224      136      141      140      131      109      193       66 |      1140
                      CDCN_mod      189      121      115      115      100      117      191       51 |       999
                                    154      128      132      125      115      107      179       61 |      1001
                                    172      130      146      121      121      118      207       76 |      1091
                                    245      179      188      166      176      199      306      122 |      1581
                                   1164     1469     1604     1681     1830     2292     4520     2731 |     17291

                    SUM            8969     4402     4366     3985     3910     4281     7625     4123 |     41661

