 <pre>

 Contingency table for Cloud base (m)
 Selection: ALL    143 stations
Period: 20200203-20200217
Used {00} + 03 06 09 12 15 18 21 24
 Limits    70.0000000       150.000000       300.000000       600.000000       1000.00000       1500.00000       2500.00000       5000.00000    
 Each class is data <= limit, the very last > last limit
 Total number of values       12929
                                                       OBSERVATION
                                     89       82       59       24        8        4        1        3        4 |       274
                                     33       85       86       55       12        4        2        1        2 |       280
                                     28      122      288      225       36       22        2        2        3 |       728
                                     17       61      266      859      351      107       21       17        7 |      1706
                           DEF        3       13       86      430      757      330       42       46       18 |      1725
                                      3       10       63      225      460      467       45       72       34 |      1379
                                      0        8       40      167      255      260       54       59       10 |       853
                                      3       12       55      201      274      253      112      191       30 |      1131
                                     69       52      166      802     1430     1049      165      506      614 |      4853

                    SUM             245      445     1109     2988     3583     2496      444      897      722 |     12929
                                                       OBSERVATION
                                     91       86       53       21        9        4        1        3        4 |       272
                                     31       84       81       45       10        5        2        1        2 |       261
                                     28      116      291      216       35       21        2        3        1 |       713
                                     17       62      270      855      335      113       19       18        8 |      1697
                      CDCN_mod        2       12       90      435      747      334       39       47       19 |      1725
                                      4        7       65      237      466      473       47       68       35 |      1402
                                      0       12       39      174      259      262       59       55        8 |       868
                                      2       12       55      206      276      245      117      188       31 |      1132
                                     70       54      165      799     1446     1039      158      514      614 |      4859

                    SUM             245      445     1109     2988     3583     2496      444      897      722 |     12929

