 <pre>

 Contingency table for Low clouds (octas)
 Selection: Ireland     27 stations
Period: 20200203-20200217
Used {00,12} + 01 02 ... 24
 Limits    1.00000000       2.00000000       3.00000000       4.00000000       5.00000000       6.00000000       7.00000000    
 Each class is data <= limit, the very last > last limit
 Total number of values       17391
                                              OBSERVATION
                                   2185      699      731      615      558      548     1081      478 |      6895
                                    112       64       97       79       79       81      166       36 |       714
                                     77       59       52       59       54       62      124       37 |       524
                           DEF       83       62       49       52       49       57      107       37 |       496
                                     62       42       71       47       55       53      127       39 |       496
                                     74       50       65       56       61       65      143       45 |       559
                                    120       85       91       87       89       76      245       63 |       856
                                    489      443      508      511      588      691     2308     1313 |      6851

                    SUM            3202     1504     1664     1506     1533     1633     4301     2048 |     17391
                                              OBSERVATION
                                   2190      700      734      617      560      556     1082      492 |      6931
                                    101       70       95       78       75       84      172       33 |       708
                                     91       49       58       58       57       57      118       34 |       522
                      CDCN_mod       74       60       52       51       56       55      114       39 |       501
                                     61       58       64       45       60       54      135       37 |       514
                                     83       40       78       63       52       57      147       46 |       566
                                    116       85       79       86       87       83      224       70 |       830
                                    486      442      504      508      586      687     2309     1297 |      6819

                    SUM            3202     1504     1664     1506     1533     1633     4301     2048 |     17391

