 <pre>

 Contingency table for Cloud base (m)
 Selection: ALL    143 stations
Period: 20200203-20200217
Used {00,12} + 03 06 09 12 15 18 21 24
 Limits    70.0000000       150.000000       300.000000       600.000000       1000.00000       1500.00000       2500.00000       5000.00000    
 Each class is data <= limit, the very last > last limit
 Total number of values       25861
                                                       OBSERVATION
                                    171      160      107       50       17        9        3        4       11 |       532
                                     67      194      183       98       21        8        4        4        6 |       585
                                     50      235      594      497       72       45        3        5        6 |      1507
                                     29      109      528     1721      690      215       59       38       12 |      3401
                           DEF        9       33      167      855     1553      649       80      101       40 |      3487
                                      4       17      130      465      919      873       89      145       64 |      2706
                                      2       17       84      332      463      515      117      111       17 |      1658
                                      3       19       94      423      516      506      212      393       60 |      2226
                                    154      102      333     1617     2918     2085      331     1003     1216 |      9759

                    SUM             489      886     2220     6058     7169     4905      898     1804     1432 |     25861
                                                       OBSERVATION
                                    173      170       98       45       23        8        3        4       10 |       534
                                     65      188      179       86       15       10        4        3        5 |       555
                                     47      228      601      474       66       45        3        4        3 |      1471
                                     31      105      533     1704      673      226       55       37       14 |      3378
                      CDCN_mod        8       32      166      865     1529      635       81      102       38 |      3456
                                      6       14      121      489      930      885       89      147       65 |      2746
                                      1       25       84      341      471      529      120      106       18 |      1695
                                      2       19       99      447      529      498      217      392       61 |      2264
                                    156      105      339     1607     2933     2069      326     1009     1218 |      9762

                    SUM             489      886     2220     6058     7169     4905      898     1804     1432 |     25861

