 <pre>

 Contingency table for Cloud base (m)
 Selection: ALL    143 stations
Period: 20200203-20200217
Used {12} + 03 06 09 12 15 18 21 24
 Limits    70.0000000       150.000000       300.000000       600.000000       1000.00000       1500.00000       2500.00000       5000.00000    
 Each class is data <= limit, the very last > last limit
 Total number of values       12932
                                                       OBSERVATION
                                     82       78       48       26        9        5        2        1        7 |       258
                                     34      109       97       43        9        4        2        3        4 |       305
                                     22      113      306      272       36       23        1        3        3 |       779
                                     12       48      262      862      339      108       38       21        5 |      1695
                           DEF        6       20       81      425      796      319       38       55       22 |      1762
                                      1        7       67      240      459      406       44       73       30 |      1327
                                      2        9       44      165      208      255       63       52        7 |       805
                                      0        7       39      222      242      253      100      202       30 |      1095
                                     85       50      167      815     1488     1036      166      497      602 |      4906

                    SUM             244      441     1111     3070     3586     2409      454      907      710 |     12932
                                                       OBSERVATION
                                     82       84       45       24       14        4        2        1        6 |       262
                                     34      104       98       41        5        5        2        2        3 |       294
                                     19      112      310      258       31       24        1        1        2 |       758
                                     14       43      263      849      338      113       36       19        6 |      1681
                      CDCN_mod        6       20       76      430      782      301       42       55       19 |      1731
                                      2        7       56      252      464      412       42       79       30 |      1344
                                      1       13       45      167      212      267       61       51       10 |       827
                                      0        7       44      241      253      253      100      204       30 |      1132
                                     86       51      174      808     1487     1030      168      495      604 |      4903

                    SUM             244      441     1111     3070     3586     2409      454      907      710 |     12932

